Shoe Size:
x = 69, 67, 71, 65, 72, 68, 74, 65, 66, 72

y = 9.5, 8.5, 11.5, 10.5, 11, 7.5, 12, 7, 7.5, 13

US Census:
x = 1900, 1910, 1920, 1930, 1940, 1950, 1960, 1970, 1980, 1990, 2000

y = 75.9950, 91.9720, 105.7110, 123.2030, 131.6690, 150.6970, 179.3230, 203.2120, 226.5050, 249.6330, 281.4220

alps:
x1 = 194.5, 194.3, 197.9, 198.4, 199.4, 199.9, 200.9, 201.1, 201.4, 201.3, 203.6, 204.6, 209.5, 208.6, 210.7, 211.9, 212.2

y = 20.79, 20.79, 22.4, 22.67, 23.15, 23.35, 23.89, 23.99, 24.02, 24.01, 25.14, 26.57, 28.49, 27.76, 29.04, 29.88, 30.06

Books
x1 = 0,1,0,2,4,4,1,4,3,0,2,1,4,1,0,1,3,0,1,4,4,0,2,3,1,0,3,3,2,2,3,2,2,3,4,4,3,1,2,0

x2 = 9,15,10,16,10,20,11,20,15,15,8,13,18,10,8,10,16,11,19,12,11,19,15,15,20,6,15,19,14,13,17,20,11,20,20,20,9,8,16,10

y = 45.00,57.00,45.00,51.00,65.00,88.00,44.00,87.00,89.00,59.00,66.00,65.00,56.00,47.00,66.00,41.00,56.00,37.00,45.00,58.00,47.00,64.00,97.00,55.00,51.00,61.00,69.00,79.00,71.00,62.00,87.00,54.00,43.00,92.00,83.00,94.00,60.00,56.00,88.00,62.00
